Ratio= 30
Time= 2.69885E8
Obj fn = 72529

Ratio= 60
Time= 5.49365E7
Obj fn = 91260

Ratio= 90
Time= 2.51531E7
Obj fn = 87494

